1
0 11
mnopqrstuvw
1
1 20
14 5 38 7 24 13 30 41 1 26 20 9 12 34 42 46 2 28 23 36
1
0 6
xyzabc
1
0 16
ijklmnopqrstuvwx
1
1 25
16 48 21 8 3 17 37 10 6 32 12 42 29 27 15 40 13 18 44 1 25 19 9 22 35
1
0 10
pqrstuvwxy
1
1 19
27 8 31 4 23 12 37 14 2 46 18 36 6 17 20 9 33 47 11
1
0 14
lmnopqrstuvwx
1
1 22
7 45 1 29 38 16 33 9 19 20 28 15 42 26 5 12 35 10 40 3 21 30
1
0 8
klmnopqr
1
0 15
efghijklmnopqrs
1
1 16
39 14 22 46 3 37 17 29 4 10 41 24 19 8 31 6
1
1 28
2 47 9 43 33 13 21 5 16 38 30 12 35 25 18 40 7 20 1 11 45 27 23 26 34 31 36 15
1
0 12
ijklmnopqrst
1
0 7
stuvwxy
1
1 33
22 17 9 46 6 38 31 1 5 41 29 21 15 16 34 10 25 20 30 3 40 26 11 14 27 19 8 36 4 13 2 37 7 28
1
1 24
4 35 19 24 32 13 42 8 23 15 39 18 11 1 31 14 21 29 27 20 7 28 6 3
1
0 9
pqrstuvw
1
0 13
fghijklmnopqr
1
1 31
15 33 28 21 36 7 2 25 9 13 41 5 16 44 47 10 32 38 8 46 4 12 20 14 1 18 23 35 37 27 3 34
3
