5
-300
-5
25
-65
-548
20
25
15
10
5
50
5 18944
10 -17881
15 8532
20 11837
25 23507
30 21512
5 5962
10 13056
15 16698
20 -20708
25 10517
30 -19338
5 8188
10 6951
15 18263
20 -6517
25 12734
30 13325
5 -22195
10 -23431
15 14560
20 18070
25 -10617
30 5435
5 12621
10 9470
15 -8199
20 15294
25 -24371
30 -14522
5 -23651
10 -10051
15 21092
20 10015
25 3506
30 20915
5 8978
10 -15027
15 21254
20 10136
25 -9889
30 -15189
5 12337
10 -20111
15 -6740
20 18718
25 11169
30 15210
5 -16091
10 -12167
15 -11495
20 11033
25 3549
30 -14888
5 6432
10 -8313
15 -14197
20 -21407
25 -15420
30 -17277
