50
-3 S 5.42 7.16
-2 M 1.23 9.87
-1 S 8.57 3.01
-5 M 4.38 2.69
-4 S 9.72 6.85
-7 M 0.45 3.74
-8 S 7.29 1.63
-6 M 2.15 9.28
-9 S 4.91 8.06
-10 M 5.62 0.84
-3 S 6.27 4.93
-2 M 2.81 7.12
-1 S 3.46 8.39
-5 M 9.55 1.76
-4 S 2.08 5.64
-7 M 0.93 9.07
-8 S 4.17 7.89
-6 M 7.78 0.55
-9 S 6.32 3.98
-10 M 8.63 1.29
-3 S 3.77 8.58
-2 M 1.94 4.79
-1 S 7.65 2.42
-5 M 3.17 7.47
-4 S 6.79 3.36
-7 M 2.28 8.24
100 I Começando os trabalhos
-100 I Terminando os trabalhos
7 S 14 1
2 M 18 4
12 S 9 3
4 M 20 2
3 S 11 7
25 M 5 6
8 S 17 8
10 M 22 10
13 S 1 12
19 M 6 4
15 S 2 19
21 M 4 23
7 S 12 13
24 M 3 14
5 S 19 5
23 M 2 16
9 S 9 10
16 M 16 8
6 S 4 18
25 M 25 11
14 S 1 13
20 M 7 20
